energy, R, scale, proportional
0.36000, 0.12018, 7.71605, 0.927315
0.37000, 0.14244, 7.3046, 1.04047
0.38000, 0.16990, 6.92521, 1.17659
0.39000, 0.15662, 6.57462, 1.02972
0.40000, 0.17795, 6.25, 1.11219
0.41000, 0.21191, 5.94884, 1.26062
0.42000, 0.21045, 5.66893, 1.19303
0.43000, 0.26582, 5.40833, 1.43764
0.43800, 0.31445, 5.21257, 1.63909
0.44000, 0.27114, 5.16529, 1.40052
0.45000, 0.31856, 4.93827, 1.57314
0.46000, 0.29863, 4.7259, 1.41129
0.47000, 0.36269, 4.52694, 1.64187
0.48000, 0.41626, 4.34028, 1.80668
0.48300, 0.42434, 4.28653, 1.81895
0.50000, 0.47917, 4, 1.91668
0.51000, 0.53818, 3.84468, 2.06913
0.52000, 0.53441, 3.69822, 1.97637
0.53000, 0.64770, 3.55999, 2.3058
0.54000, 0.71278, 3.42936, 2.44438
0.55000, 0.76157, 3.30579, 2.51759
0.56000, 0.82466, 3.18878, 2.62966
0.58000, 0.98470, 2.97265, 2.92717
0.59938, 1.26713, 2.78353, 3.52709
0.60000, 1.27602, 2.77778, 3.5445
0.60240, 1.43430, 2.75569, 3.95248
0.61050, 1.44391, 2.68305, 3.87408
0.61250, 1.46919, 2.66556, 3.91621
0.62000, 1.56426, 2.60146, 4.06935
0.62050, 1.78021, 2.59727, 4.62368
0.62951, 1.83620, 2.52345, 4.63356
0.63000, 1.83918, 2.51953, 4.63386
0.63050, 2.01462, 2.51553, 5.06784
0.63750, 1.87678, 2.46059, 4.61799
0.64000, 1.82743, 2.44141, 4.4615
0.64051, 2.07130, 2.43752, 5.04883
0.64260, 2.22231, 2.42169, 5.38175
0.65049, 2.41066, 2.3633, 5.69711
0.65952, 2.66538, 2.29903, 6.12778
0.66000, 2.68093, 2.29568, 6.15457
0.66050, 2.57812, 2.29221, 5.90959
0.66260, 2.77054, 2.2777, 6.31047
0.67050, 2.98936, 2.22435, 6.64937
0.67760, 3.32720, 2.17798, 7.24656
0.68059, 3.82901, 2.15888, 8.26638
0.68750, 4.09426, 2.1157, 8.66224
0.68760, 4.09810, 2.11509, 8.66784
0.68956, 4.12935, 2.10308, 8.68436
0.69000, 4.13640, 2.1004, 8.68809
0.69043, 4.06039, 2.09778, 8.51782
0.69760, 4.57888, 2.05488, 9.40906
0.70000, 4.73600, 2.04082, 9.66531
0.70052, 4.76808, 2.03779, 9.71633
0.70760, 5.02195, 1.99721, 10.0299
0.71047, 5.57636, 1.98111, 11.0474
0.71760, 5.70707, 1.94194, 11.0828
0.71951, 6.16537, 1.93164, 11.9093
0.72000, 6.28308, 1.92901, 12.1201
0.72025, 6.48024, 1.92767, 12.4918
0.72760, 6.61028, 1.88892, 12.4863
0.73024, 7.05040, 1.87529, 13.2216
0.73750, 7.51559, 1.83855, 13.8178
0.73760, 7.52200, 1.83805, 13.8258
0.74000, 9.23169, 1.82615, 16.8585
0.74020, 7.81113, 1.82516, 14.2566
0.74760, 8.18975, 1.78921, 14.6532
0.74950, 8.40992, 1.78015, 14.9709
0.74979, 8.44409, 1.77877, 15.0201
0.75000, 8.46645, 1.77778, 15.0515
0.75020, 7.35286, 1.77683, 13.0648
0.75028, 8.81559, 1.77645, 15.6605
0.75040, 8.82912, 1.77588, 15.6795
0.75760, 8.74490, 1.74229, 15.2361
0.75950, 8.89862, 1.73358, 15.4265
0.75979, 8.92262, 1.73226, 15.4563
0.76000, 9.01818, 1.7313, 15.6132
0.76018, 9.44356, 1.73048, 16.3419
0.76040, 9.27291, 1.72948, 16.0373
0.76350, 9.18243, 1.71547, 15.7521
0.76379, 9.17555, 1.71416, 15.7284
0.76400, 9.19366, 1.71322, 15.7508
0.76417, 9.45586, 1.71246, 16.1928
0.76440, 9.42370, 1.71143, 16.128
0.76500, 9.44214, 1.70874, 16.1342
0.76760, 9.52205, 1.69719, 16.1607
0.76950, 9.72673, 1.68882, 16.4267
0.76979, 9.76121, 1.68755, 16.4725
0.77000, 9.99286, 1.68663, 16.8542
0.77011, 10.48340, 1.68614, 17.6765
0.77040, 10.32274, 1.68487, 17.3925
0.77320, 10.85005, 1.67269, 18.1488
0.77350, 10.91999, 1.6714, 18.2516
0.77360, 10.94949, 1.67096, 18.2962
0.77379, 11.09090, 1.67014, 18.5234
0.77400, 11.20199, 1.66924, 18.6988
0.77438, 11.12463, 1.6676, 18.5514
0.77440, 11.41367, 1.66751, 19.0324
0.77560, 12.35831, 1.66236, 20.5439
0.77750, 13.65382, 1.65424, 22.5867
0.77760, 13.72113, 1.65382, 22.6922
0.77779, 14.05203, 1.65301, 23.2281
0.77800, 14.58469, 1.65212, 24.0956
0.77811, 15.04189, 1.65165, 24.8439
0.77817, 15.43237, 1.6514, 25.4849
0.77820, 15.02042, 1.65127, 24.8027
0.77840, 15.04593, 1.65042, 24.8321
0.77871, 15.29651, 1.64911, 25.2256
0.77948, 16.04105, 1.64585, 26.4011
0.77960, 16.15387, 1.64534, 26.5787
0.77979, 16.63730, 1.64454, 27.3607
0.77990, 17.09370, 1.64408, 28.1034
0.78000, 17.36742, 1.64366, 28.5461
0.78017, 17.96852, 1.64294, 29.5212
0.78040, 18.16800, 1.64197, 29.8313
0.78059, 18.39342, 1.64117, 30.1868
0.78079, 18.61971, 1.64033, 30.5425
0.78100, 18.70267, 1.63945, 30.6621
0.78140, 19.00943, 1.63777, 31.1331
0.78160, 19.21468, 1.63693, 31.4531
0.78163, 19.26361, 1.63681, 31.5308
0.78179, 19.49558, 1.63614, 31.8974
0.78200, 19.51737, 1.63526, 31.916
0.78213, 19.28550, 1.63472, 31.5263
0.78223, 18.80432, 1.6343, 30.7318
0.78240, 19.24945, 1.63359, 31.4457
0.78252, 19.29009, 1.63309, 31.5024
0.78279, 19.37206, 1.63196, 31.6144
0.78290, 19.34747, 1.6315, 31.5654
0.78300, 18.88315, 1.63108, 30.8
0.78320, 17.51745, 1.63025, 28.5579
0.78340, 18.21596, 1.62942, 29.6814
0.78351, 18.16503, 1.62896, 29.5901
0.78360, 18.11474, 1.62859, 29.5014
0.78379, 17.95418, 1.6278, 29.2258
0.78400, 17.37078, 1.62693, 28.261
0.78424, 17.01961, 1.62593, 27.6727
0.78440, 17.06267, 1.62527, 27.7314
0.78500, 15.57022, 1.62278, 25.2671
0.78540, 14.70865, 1.62113, 23.8447
0.78551, 14.47749, 1.62068, 23.4633
0.78560, 14.29268, 1.62031, 23.1585
0.78579, 14.06117, 1.61952, 22.7724
0.78600, 13.23948, 1.61866, 21.4302
0.78604, 12.93056, 1.61849, 20.928
0.78618, 13.50660, 1.61792, 21.8525
0.78640, 13.12601, 1.61701, 21.2249
0.78760, 12.58515, 1.61209, 20.2884
0.78820, 12.18298, 1.60963, 19.6101
0.78920, 11.50828, 1.60556, 18.4772
0.78950, 10.28934, 1.60434, 16.5076
0.78960, 9.88980, 1.60393, 15.8626
0.78979, 9.26884, 1.60316, 14.8594
0.79000, 9.30908, 1.60231, 14.916
0.79009, 9.58830, 1.60194, 15.3599
0.79010, 9.62226, 1.6019, 15.4139
0.79040, 9.55384, 1.60069, 15.2927
0.79050, 9.51500, 1.60028, 15.2267
0.79160, 9.08784, 1.59584, 14.5027
0.79320, 7.58238, 1.58941, 12.0515
0.79349, 7.59868, 1.58824, 12.0686
0.79379, 7.62576, 1.58704, 12.1024
0.79400, 7.73677, 1.5862, 12.2721
0.79414, 7.56860, 1.58564, 12.0011
0.79440, 7.65001, 1.58461, 12.1223
0.79760, 6.85693, 1.57192, 10.7785
0.79949, 6.78703, 1.56449, 10.6183
0.79979, 6.77794, 1.56332, 10.5961
0.80000, 6.92387, 1.5625, 10.8185
0.80002, 6.92867, 1.56242, 10.8255
0.80040, 6.77460, 1.56094, 10.5747
0.80760, 5.87209, 1.53323, 9.00327
0.80949, 5.77621, 1.52608, 8.81495
0.80979, 5.76200, 1.52495, 8.78675
0.81000, 5.76471, 1.52416, 8.78633
0.81014, 5.66236, 1.52363, 8.62735
0.81040, 5.62342, 1.52265, 8.56252
0.81250, 5.44421, 1.51479, 8.24685
0.81760, 5.00889, 1.49595, 7.49307
0.81949, 4.98327, 1.48906, 7.4204
0.82000, 4.97676, 1.48721, 7.40149
0.82002, 5.20454, 1.48714, 7.73987
0.82760, 4.36986, 1.46002, 6.38009
0.82997, 4.45226, 1.45169, 6.46332
0.83750, 3.85340, 1.42571, 5.49382
0.83760, 3.84545, 1.42537, 5.48118
0.83910, 3.64889, 1.42028, 5.18243
0.83947, 3.69744, 1.41902, 5.24675
0.84000, 3.76713, 1.41723, 5.3389
0.84320, 3.47328, 1.4065, 4.88516
0.84760, 3.34969, 1.39193, 4.66254
0.84924, 3.14150, 1.38656, 4.35588
0.85760, 2.97234, 1.35966, 4.04137
0.85960, 3.19798, 1.35334, 4.32796
0.86250, 2.99413, 1.34426, 4.02488
0.86760, 2.63553, 1.3285, 3.5013
0.86950, 2.47022, 1.3227, 3.26736
0.87760, 2.27526, 1.29839, 2.95419
0.87945, 2.26273, 1.29294, 2.92557
0.87984, 2.26014, 1.29179, 2.91963
0.88000, 2.25703, 1.29132, 2.91455
0.88750, 1.98670, 1.26959, 2.52229
0.88760, 1.98310, 1.2693, 2.51716
0.88972, 1.89710, 1.26326, 2.39653
0.89320, 1.98922, 1.25344, 2.49336
0.89760, 1.76211, 1.24118, 2.18709
0.90004, 1.76892, 1.23446, 2.18366
0.90760, 1.67315, 1.21398, 2.03117
0.91000, 1.57469, 1.20758, 1.90157
0.91002, 1.57385, 1.20753, 1.90047
0.91500, 1.50171, 1.19442, 1.79368
0.91760, 1.46471, 1.18766, 1.73958
0.91943, 1.41715, 1.18294, 1.6764
0.91956, 1.41376, 1.18261, 1.67192
0.92000, 1.52625, 1.18147, 1.80323
0.92760, 1.32076, 1.16219, 1.53498
0.93011, 1.35979, 1.15593, 1.57182
0.93760, 1.18070, 1.13754, 1.34309
0.93945, 1.24033, 1.13306, 1.40537
0.94000, 1.25809, 1.13173, 1.42382
0.94219, 1.25931, 1.12648, 1.41859
0.94760, 1.08959, 1.11365, 1.21343
0.94945, 1.15095, 1.10932, 1.27677
0.95000, 1.16920, 1.10803, 1.29551
0.95184, 1.14956, 1.10375, 1.26883
0.95400, 1.10041, 1.09876, 1.20909
0.95500, 1.07844, 1.09646, 1.18247
0.95600, 1.05733, 1.09417, 1.1569
0.95745, 1.12295, 1.09086, 1.22498
0.95760, 1.12975, 1.09052, 1.23201
0.95800, 1.10597, 1.0896, 1.20507
0.96000, 1.14217, 1.08507, 1.23933
0.96152, 1.16973, 1.08164, 1.26523
0.96300, 0.98309, 1.07832, 1.06009
0.96760, 1.04334, 1.06809, 1.11438
0.96946, 1.03046, 1.064, 1.09641
0.97000, 1.02660, 1.06281, 1.09108
0.97100, 1.03001, 1.06062, 1.09245
0.97760, 1.03905, 1.04635, 1.08721
0.98000, 1.08035, 1.04123, 1.1249
0.98400, 0.84472, 1.03278, 0.872414
0.98402, 0.90958, 1.03274, 0.939362
0.98410, 0.90913, 1.03257, 0.938745
0.98421, 0.90839, 1.03234, 0.937771
0.98500, 0.84366, 1.03069, 0.869551
0.98558, 0.86662, 1.02948, 0.892165
0.98750, 0.94934, 1.02548, 0.973526
0.98760, 0.95370, 1.02527, 0.977799
0.99000, 0.98578, 1.0203, 1.0058
0.99300, 1.00152, 1.01415, 1.01569
0.99400, 1.01414, 1.01211, 1.02642
0.99760, 1.17841, 1.00482, 1.18409
1.00000, 1.28743, 1, 1.28743
1.00200, 1.21652, 0.996012, 1.21167
1.00300, 1.24341, 0.994027, 1.23598
1.00371, 1.32350, 0.992621, 1.31373
1.00391, 1.31582, 0.992226, 1.30559
1.00400, 1.33791, 0.992048, 1.32727
1.00425, 1.39842, 0.991554, 1.38661
1.00464, 1.40464, 0.990784, 1.3917
1.00496, 1.41746, 0.990153, 1.4035
1.00500, 1.41936, 0.990075, 1.40527
1.00660, 1.48588, 0.98693, 1.46646
1.00700, 1.50828, 0.986146, 1.48738
1.00862, 2.18169, 0.98298, 2.14456
1.01000, 2.38555, 0.980296, 2.33855
1.01017, 2.52534, 0.979966, 2.47475
1.01027, 2.56136, 0.979772, 2.50955
1.01030, 2.49776, 0.979714, 2.44709
1.01034, 2.41239, 0.979636, 2.36327
1.01070, 2.91542, 0.978939, 2.85402
1.01076, 2.99928, 0.978822, 2.93576
1.01086, 3.14299, 0.978629, 3.07582
1.01100, 3.27799, 0.978358, 3.20705
1.01130, 3.49135, 0.977777, 3.41376
1.01276, 5.11864, 0.97496, 4.99047
1.01300, 5.79143, 0.974498, 5.64374
1.01388, 6.81776, 0.972807, 6.63237
1.01500, 9.43127, 0.970662, 9.15457
1.01525, 10.14716, 0.970184, 9.84461
1.01543, 10.67349, 0.96984, 10.3516
1.01566, 11.58305, 0.969401, 11.2286
1.01570, 11.74122, 0.969324, 11.381
1.01575, 11.93964, 0.969229, 11.5722
1.01599, 13.82994, 0.968771, 13.398
1.01607, 14.30754, 0.968618, 13.8585
1.01620, 15.08235, 0.968371, 14.6053
1.01637, 16.09538, 0.968047, 15.5811
1.01654, 17.66207, 0.967723, 17.092
1.01668, 19.35854, 0.967456, 18.7285
1.01673, 19.68035, 0.967361, 19.038
1.01678, 19.98223, 0.967266, 19.3281
1.01685, 20.41182, 0.967133, 19.7409
1.01694, 21.14228, 0.966962, 20.4438
1.01700, 21.47380, 0.966848, 20.7619
1.01709, 22.36159, 0.966677, 21.6164
1.01710, 22.52055, 0.966658, 21.7697
1.01716, 23.47441, 0.966544, 22.689
1.01726, 25.01183, 0.966354, 24.1703
1.01759, 29.19850, 0.965727, 28.1978
1.01765, 30.20412, 0.965613, 29.1655
1.01766, 30.35742, 0.965594, 29.3129
1.01772, 31.27712, 0.96548, 30.1974
1.01782, 32.61978, 0.965291, 31.4876
1.01798, 34.79933, 0.964987, 33.5809
1.01800, 35.15911, 0.964949, 33.9268
1.01810, 36.76637, 0.96476, 35.4707
1.01814, 37.40925, 0.964684, 36.0881
1.01821, 39.17207, 0.964551, 37.7835
1.01828, 40.92831, 0.964419, 39.472
1.01832, 42.04514, 0.964343, 40.5459
1.01848, 43.16968, 0.96404, 41.6173
1.01862, 44.20921, 0.963775, 42.6077
1.01864, 44.33669, 0.963737, 42.7289
1.01868, 44.59188, 0.963661, 42.9715
1.01878, 45.22235, 0.963472, 43.5705
1.01881, 44.94947, 0.963415, 43.305
1.01887, 46.38056, 0.963302, 44.6785
1.01896, 47.73830, 0.963132, 45.9783
1.01900, 48.77336, 0.963056, 46.9715
1.01907, 51.33760, 0.962924, 49.4342
1.01910, 51.21821, 0.962867, 49.3163
1.01914, 51.05903, 0.962792, 49.1592
1.01921, 49.97977, 0.962659, 48.1135
1.01925, 49.68513, 0.962584, 47.8261
1.01944, 48.22998, 0.962225, 46.4081
1.01951, 48.63771, 0.962093, 46.794
1.01962, 47.52246, 0.961885, 45.7112
1.01964, 47.31957, 0.961848, 45.5142
1.01968, 46.71520, 0.961772, 44.9294
1.01969, 46.70317, 0.961753, 44.9169
1.01979, 46.60564, 0.961565, 44.8143
1.02000, 44.92471, 0.961169, 43.1802
1.02006, 44.62208, 0.961056, 42.8843
1.02013, 44.24064, 0.960924, 42.5119
1.02043, 39.21917, 0.960359, 37.6645
1.02058, 38.70239, 0.960077, 37.1573
1.02060, 38.63740, 0.960039, 37.0934
1.02065, 35.69761, 0.959945, 34.2677
1.02076, 33.66329, 0.959738, 32.3079
1.02086, 32.10018, 0.95955, 30.8017
1.02096, 33.13547, 0.959362, 31.7889
1.02100, 32.69651, 0.959287, 31.3653
1.02102, 32.36441, 0.959249, 31.0455
1.02141, 25.86468, 0.958517, 24.7917
1.02150, 25.07718, 0.958348, 24.0327
1.02151, 24.98968, 0.958329, 23.9483
1.02154, 24.73508, 0.958273, 23.703
1.02168, 22.21144, 0.95801, 21.2788
1.02182, 21.03826, 0.957748, 20.1493
1.02185, 20.78670, 0.957692, 19.9072
1.02190, 20.32775, 0.957598, 19.4658
1.02200, 19.40936, 0.957411, 18.5827
1.02207, 18.76611, 0.957279, 17.9644
1.02223, 17.16167, 0.95698, 16.4234
1.02232, 16.13137, 0.956811, 15.4347
1.02246, 15.51094, 0.956549, 14.837
1.02267, 14.58192, 0.956156, 13.9426
1.02270, 14.45908, 0.9561, 13.8243
1.02274, 14.29547, 0.956026, 13.6668
1.02300, 13.32596, 0.95554, 12.7335
1.02325, 12.42672, 0.955073, 11.8684
1.02327, 12.34922, 0.955036, 11.7939
1.02397, 10.75849, 0.95373, 10.2607
1.02535, 8.23463, 0.951165, 7.83249
1.02752, 4.62247, 0.947151, 4.37818
1.02770, 4.55876, 0.94682, 4.31632
1.02774, 4.57564, 0.946746, 4.33197
1.02780, 4.60097, 0.946635, 4.35544
1.02800, 4.69479, 0.946267, 4.44253
1.02812, 4.38616, 0.946046, 4.14951
1.02823, 4.10348, 0.945844, 3.88125
1.02841, 4.02034, 0.945513, 3.80128
1.02920, 3.75596, 0.944062, 3.54586
1.03358, 2.40284, 0.936077, 2.24924
1.03370, 2.35371, 0.93586, 2.20274
1.03372, 2.34560, 0.935824, 2.19507
1.03384, 2.29695, 0.935607, 2.14904
1.03386, 2.30170, 0.935571, 2.1534
1.03400, 2.33495, 0.935317, 2.18392
1.03406, 2.34904, 0.935209, 2.19684
1.03750, 1.96032, 0.929017, 1.82117
1.03916, 1.77310, 0.926052, 1.64198
1.03930, 1.75728, 0.925802, 1.62689
1.03959, 1.72503, 0.925286, 1.59615
1.03960, 1.72108, 0.925268, 1.59246
1.03964, 1.70536, 0.925197, 1.57779
1.03980, 1.69948, 0.924912, 1.57187
1.04000, 1.69210, 0.924556, 1.56444
1.04400, 1.53588, 0.917485, 1.40915
1.04600, 1.45783, 0.91398, 1.33243
1.04700, 1.39064, 0.912235, 1.26859
1.04960, 1.29671, 0.907721, 1.17705
1.04970, 1.28863, 0.907548, 1.16949
1.04981, 1.27975, 0.907358, 1.16119
1.05000, 1.30425, 0.907029, 1.18299
1.05300, 1.17347, 0.901869, 1.05832
1.05800, 1.22046, 0.893364, 1.09032
1.05952, 1.10492, 0.890803, 0.984266
1.05966, 1.10033, 0.890568, 0.979918
1.06000, 1.12298, 0.889996, 0.999448
1.06100, 1.10770, 0.88832, 0.983992
1.06250, 1.09049, 0.885813, 0.96597
1.06500, 1.07818, 0.881659, 0.950587
1.06700, 1.06149, 0.878357, 0.932367
1.06800, 1.08180, 0.876713, 0.948428
1.07000, 1.12852, 0.873439, 0.985693
1.07600, 1.17961, 0.863725, 1.01886
1.07700, 1.14824, 0.862122, 0.989923
1.08000, 1.08245, 0.857339, 0.928026
1.08300, 1.01672, 0.852596, 0.866851
1.08600, 0.95046, 0.847892, 0.805887
1.08700, 0.94305, 0.846332, 0.798134
1.08750, 0.95220, 0.845554, 0.805137
1.08800, 0.96085, 0.844777, 0.811704
1.09000, 0.98455, 0.84168, 0.828676
1.09500, 0.94136, 0.834011, 0.785105
1.09600, 0.93272, 0.83249, 0.77648
1.09700, 0.97193, 0.830973, 0.807647
1.09800, 0.99142, 0.82946, 0.822343
1.10000, 0.89996, 0.826446, 0.743769
1.10300, 0.91403, 0.821957, 0.751293
1.10600, 0.93303, 0.817504, 0.762756
1.10700, 0.93540, 0.816027, 0.763312
1.11000, 0.88637, 0.811622, 0.719398
1.11100, 0.85010, 0.810162, 0.688719
1.11250, 0.83944, 0.807979, 0.67825
1.11700, 0.83718, 0.801482, 0.670985
1.12000, 0.87198, 0.797194, 0.695137
1.12300, 0.85297, 0.79294, 0.676354
1.12700, 0.82509, 0.787322, 0.649611
1.12900, 0.84562, 0.784535, 0.663418
1.13000, 0.91990, 0.783147, 0.720417
1.13700, 0.88345, 0.773533, 0.683378
1.13750, 0.88965, 0.772854, 0.687569
1.14000, 0.91070, 0.769468, 0.700754
1.14200, 0.90503, 0.766775, 0.693954
1.14300, 0.90165, 0.765434, 0.690153
1.14800, 0.90821, 0.758781, 0.689132
1.15000, 0.89550, 0.756144, 0.677127
1.15200, 0.89129, 0.75352, 0.671605
1.16000, 0.93641, 0.743163, 0.695905
1.16250, 0.88103, 0.73997, 0.651936
1.16300, 0.87238, 0.739334, 0.64498
1.16400, 0.85334, 0.738064, 0.62982
1.16700, 0.85932, 0.734274, 0.630977
1.17000, 0.95386, 0.730514, 0.696808
1.17100, 0.97129, 0.729266, 0.708329
1.17700, 0.94768, 0.72185, 0.684083
1.18000, 0.93467, 0.718184, 0.671265
1.18300, 0.92127, 0.714547, 0.65829
1.18600, 0.90338, 0.710936, 0.642246
1.18700, 0.90795, 0.709739, 0.644407
1.18750, 0.89966, 0.709141, 0.637986
1.18800, 0.89125, 0.708544, 0.63149
1.19000, 0.86452, 0.706165, 0.610494
1.19700, 0.92673, 0.69793, 0.646792
1.20000, 0.93851, 0.694444, 0.651743
1.20200, 0.94528, 0.692135, 0.654262
1.20400, 0.93461, 0.689838, 0.644729
1.20500, 0.94480, 0.688693, 0.650678
1.20700, 0.98233, 0.686413, 0.674284
1.21000, 0.99026, 0.683013, 0.676361
1.21140, 0.96508, 0.681436, 0.65764
1.21250, 0.93527, 0.6802, 0.63617
1.21400, 0.90476, 0.67852, 0.613898
1.21700, 0.87894, 0.675179, 0.593442
1.22000, 0.98171, 0.671862, 0.659574
1.22400, 0.94818, 0.667478, 0.63289
1.22500, 0.93980, 0.666389, 0.626272
1.22600, 0.93694, 0.665302, 0.623348
1.22700, 0.93369, 0.664218, 0.620174
1.23000, 1.02086, 0.660982, 0.67477
1.23200, 1.00232, 0.658838, 0.660366
1.23700, 1.09029, 0.653523, 0.712529
1.23750, 1.09159, 0.652995, 0.712802
1.24000, 1.05556, 0.650364, 0.686498
1.24600, 0.99685, 0.644116, 0.642087
1.24700, 1.00278, 0.643083, 0.644871
1.25000, 1.05266, 0.64, 0.673702
1.25100, 1.05141, 0.638977, 0.671827
1.25200, 1.05051, 0.637957, 0.67018
1.25700, 1.06037, 0.632892, 0.671099
1.26000, 1.04646, 0.629882, 0.659146
1.26250, 1.05306, 0.627389, 0.660679
1.26600, 1.04140, 0.623925, 0.649756
1.26700, 1.05268, 0.622941, 0.655757
1.27000, 1.12779, 0.620001, 0.699231
1.27300, 1.04058, 0.617082, 0.642124
1.27500, 1.03420, 0.615148, 0.636186
1.27700, 1.02775, 0.613223, 0.63024
1.28000, 1.12876, 0.610352, 0.68894
1.28500, 1.08273, 0.605611, 0.655713
1.28600, 1.07368, 0.604669, 0.649222
1.28700, 1.07765, 0.60373, 0.65061
1.28750, 1.08324, 0.603261, 0.653477
1.29000, 1.12239, 0.600925, 0.674473
1.29200, 1.05459, 0.599066, 0.631769
1.29600, 1.12568, 0.595374, 0.670201
1.29700, 1.14328, 0.594456, 0.67963
1.30000, 1.20291, 0.591716, 0.711781
1.30400, 1.18957, 0.588091, 0.699576
1.30500, 1.18602, 0.58719, 0.69642
1.30700, 1.18741, 0.585395, 0.695104
1.31000, 1.18561, 0.582717, 0.690875
1.31250, 1.19436, 0.580499, 0.693325
1.31400, 1.17984, 0.579174, 0.683333
1.31700, 1.22812, 0.576539, 0.708059
1.32000, 1.23694, 0.573921, 0.709906
1.32500, 1.17594, 0.569598, 0.669813
1.32600, 1.16410, 0.568739, 0.662069
1.32700, 1.15210, 0.567882, 0.654257
1.33000, 1.23575, 0.565323, 0.698598
1.33500, 1.28161, 0.561096, 0.719107
1.33700, 1.30105, 0.559419, 0.727832
1.33750, 1.29986, 0.559001, 0.726623
1.34000, 1.35709, 0.556917, 0.755786
1.34500, 1.29640, 0.552784, 0.716629
1.34600, 1.28410, 0.551963, 0.708776
1.34700, 1.31383, 0.551144, 0.724109
1.35000, 1.44763, 0.548697, 0.79431
1.35300, 1.50106, 0.546266, 0.819978
1.35400, 1.49284, 0.54546, 0.814284
1.35700, 1.46711, 0.543051, 0.796715
1.36000, 1.44077, 0.540657, 0.778963
1.36200, 1.35289, 0.539071, 0.729303
1.36250, 1.35851, 0.538675, 0.731796
1.36400, 1.37302, 0.537491, 0.737986
1.36500, 1.38328, 0.536704, 0.742412
1.36700, 1.40549, 0.535135, 0.752126
1.36800, 1.43772, 0.534352, 0.768249
1.37000, 1.50612, 0.532793, 0.802451
1.37400, 1.41415, 0.529696, 0.749069
1.37700, 1.44487, 0.52739, 0.76201
1.38000, 1.51386, 0.5251, 0.794928
1.38700, 1.50176, 0.519813, 0.780634
1.38750, 1.50449, 0.519438, 0.78149
1.39000, 1.52685, 0.517572, 0.790254
1.39300, 1.55246, 0.515345, 0.800052
1.39500, 1.65671, 0.513868, 0.85133
1.39700, 1.58416, 0.512398, 0.81172
1.39950, 1.67330, 0.510569, 0.854335
1.40000, 1.68689, 0.510204, 0.860658
1.40300, 1.57211, 0.508025, 0.79867
1.41250, 1.51502, 0.501214, 0.759349
1.42000, 1.52689, 0.495933, 0.757236
1.42500, 1.47392, 0.492459, 0.725845
1.43750, 1.38995, 0.483932, 0.672641
1.44000, 1.42411, 0.482253, 0.686781
1.44100, 1.56764, 0.481584, 0.75495
1.45000, 1.55290, 0.475624, 0.738597
1.46000, 1.70191, 0.469131, 0.798419
1.46250, 1.73834, 0.467529, 0.812724
1.47500, 1.96079, 0.459638, 0.901254
1.48000, 2.04976, 0.456538, 0.935793
1.48750, 2.11148, 0.451945, 0.954274
1.49000, 2.16579, 0.45043, 0.975537
1.49100, 2.18723, 0.449826, 0.983873
1.49950, 2.23819, 0.444741, 0.995415
1.50000, 2.24135, 0.444444, 0.996156
1.50500, 2.20214, 0.441496, 0.972237
1.51250, 2.18275, 0.437129, 0.954142
1.52450, 2.21812, 0.430274, 0.954399
1.52500, 2.21953, 0.429992, 0.95438
1.53000, 2.22217, 0.427186, 0.94928
1.53750, 2.22660, 0.423029, 0.941916
1.54000, 2.24055, 0.421656, 0.944742
1.55000, 2.29639, 0.416233, 0.955834
1.56000, 2.32374, 0.410914, 0.954857
1.56250, 2.25601, 0.4096, 0.924062
1.57000, 2.26882, 0.405696, 0.920451
1.57450, 2.27521, 0.40338, 0.917775
1.57500, 2.27596, 0.403124, 0.917495
1.58000, 2.31392, 0.400577, 0.926903
1.58750, 2.34592, 0.396801, 0.930863
1.58950, 2.38330, 0.395803, 0.943317
1.59000, 2.39244, 0.395554, 0.946339
1.60000, 2.44139, 0.390625, 0.953668
1.60650, 2.40613, 0.38747, 0.932304
1.61000, 2.39075, 0.385788, 0.922322
1.61200, 2.38176, 0.384831, 0.916575
1.61250, 2.37789, 0.384592, 0.914518
1.62000, 2.42668, 0.381039, 0.924661
1.62500, 2.36983, 0.378698, 0.89745
1.63000, 2.45154, 0.376378, 0.922707
1.63300, 2.49905, 0.374997, 0.937136
1.63700, 2.55787, 0.373166, 0.954511
1.63750, 2.56335, 0.372939, 0.955972
1.64000, 2.78122, 0.371802, 1.03406
1.65000, 2.96036, 0.367309, 1.08737
1.65300, 2.90251, 0.365977, 1.06225
1.66000, 2.76975, 0.362897, 1.00513
1.66200, 2.61841, 0.362024, 0.947929
1.66250, 2.59046, 0.361807, 0.937246
1.67000, 2.62887, 0.358564, 0.942619
1.67450, 2.65587, 0.35664, 0.947189
1.67500, 2.65865, 0.356427, 0.947614
1.68000, 2.67141, 0.354308, 0.946503
1.68750, 2.54909, 0.351166, 0.895154
1.69000, 2.56388, 0.350128, 0.897686
1.70000, 2.64809, 0.346021, 0.916294
1.71000, 2.58630, 0.341986, 0.884477
1.71200, 2.55792, 0.341187, 0.872729
1.71250, 2.54660, 0.340988, 0.86836
1.72000, 2.59392, 0.338021, 0.876798
1.72500, 2.52834, 0.336064, 0.849684
1.73000, 2.49804, 0.334124, 0.834655
1.73750, 2.46475, 0.331246, 0.816438
1.74000, 2.57472, 0.330295, 0.850416
1.74850, 2.58263, 0.327091, 0.844755
1.74950, 2.58367, 0.326717, 0.84413
1.75000, 2.58423, 0.326531, 0.84383
1.75600, 2.84643, 0.324303, 0.923106
1.76000, 2.79019, 0.322831, 0.900759
1.76200, 2.64360, 0.322098, 0.851499
1.76250, 2.58456, 0.321915, 0.83201
1.76900, 2.21931, 0.319554, 0.70919
1.77000, 2.29543, 0.319193, 0.732685
1.77500, 2.70605, 0.317397, 0.858893
1.78000, 2.68188, 0.315617, 0.846446
1.78750, 2.44231, 0.312974, 0.764379
1.79000, 2.43623, 0.3121, 0.760348
1.79200, 2.44169, 0.311404, 0.760352
1.80000, 2.46278, 0.308642, 0.760117
1.81000, 2.21746, 0.305241, 0.67686
1.81200, 2.18439, 0.304568, 0.665294
1.81250, 2.17873, 0.3044, 0.663204
1.82000, 2.35243, 0.301896, 0.710189
1.82500, 2.25221, 0.300244, 0.676212
1.83000, 2.41574, 0.298606, 0.721353
1.83500, 2.58998, 0.29698, 0.769173
1.83750, 2.43693, 0.296173, 0.721753
1.84000, 2.46016, 0.295369, 0.726654
1.85000, 1.93152, 0.292184, 0.564359
1.86000, 1.94406, 0.289051, 0.561932
1.86250, 1.82160, 0.288275, 0.525122
1.87000, 1.88872, 0.285968, 0.540113
1.87500, 1.93884, 0.284444, 0.551492
1.87750, 1.95634, 0.283687, 0.554989
1.88000, 1.97338, 0.282933, 0.558335
1.88300, 1.91272, 0.282033, 0.539449
1.88750, 1.83049, 0.280689, 0.513799
1.89000, 1.85947, 0.279947, 0.520554
1.90000, 1.99242, 0.277008, 0.551917
1.91000, 1.86420, 0.274115, 0.511006
1.91250, 1.85690, 0.273399, 0.507675
1.92000, 2.01938, 0.271267, 0.547792
1.92500, 2.02798, 0.26986, 0.547271
1.93000, 1.94881, 0.268464, 0.523185
1.93750, 1.85327, 0.266389, 0.493691
1.94000, 2.05810, 0.265703, 0.546843
1.94500, 1.93692, 0.264339, 0.512003
1.95000, 2.18147, 0.262985, 0.573694
1.95500, 1.75033, 0.261641, 0.457959
1.96000, 2.34912, 0.260308, 0.611495
1.96250, 2.10179, 0.259645, 0.54572
1.97000, 2.23392, 0.257672, 0.575619
1.97100, 2.24961, 0.257411, 0.579074
1.97300, 2.28662, 0.256889, 0.587408
1.97500, 2.32459, 0.256369, 0.595953
1.98000, 2.43799, 0.255076, 0.621873
1.98750, 2.21492, 0.253155, 0.560717
1.99000, 2.29725, 0.252519, 0.580099
2.00000, 2.18000, 0.25, 0.545
2.20000, 2.38000, 0.206612, 0.491736
2.40000, 2.38000, 0.173611, 0.413194
2.50000, 2.39000, 0.16, 0.3824
2.60000, 2.38000, 0.147929, 0.352071
2.60000, 2.64000, 0.147929, 0.390533
2.70000, 2.30000, 0.137174, 0.315501
2.80000, 2.17000, 0.127551, 0.276786
2.90000, 2.22000, 0.118906, 0.263971
3.00000, 2.21000, 0.111111, 0.245556
3.20000, 2.21000, 0.0976562, 0.21582
3.40000, 2.38000, 0.0865052, 0.205882
3.55000, 2.23000, 0.0793493, 0.176949
3.59800, 2.46000, 0.0772463, 0.190026
3.67000, 2.19252, 0.0742451, 0.162784
3.67000, 2.50000, 0.0742451, 0.185613
3.69200, 2.07183, 0.0733629, 0.151996
3.69200, 2.40000, 0.0733629, 0.176071
3.70000, 2.23000, 0.073046, 0.162893
3.70400, 2.29310, 0.0728883, 0.16714
3.71000, 2.35000, 0.0726528, 0.170734
3.71600, 2.09195, 0.0724183, 0.151496
3.72800, 2.68534, 0.0719529, 0.193218
3.73000, 2.10000, 0.0718757, 0.150939
3.73000, 2.48000, 0.0718757, 0.178252
3.74000, 2.67528, 0.0714919, 0.191261
3.74000, 2.94000, 0.0714919, 0.210186
3.74600, 2.61494, 0.0712631, 0.186349
3.75000, 2.47000, 0.0711111, 0.175644
3.75000, 3.34000, 0.0711111, 0.237511
3.75200, 3.51005, 0.0710353, 0.249338
3.75800, 3.78160, 0.0708087, 0.26777
3.76000, 2.77000, 0.0707334, 0.195931
3.76200, 3.92000, 0.0706582, 0.27698
3.76400, 3.29000, 0.0705831, 0.232218
3.76400, 4.06321, 0.0705831, 0.286794
3.76600, 4.40000, 0.0705082, 0.310236
3.76800, 3.80000, 0.0704333, 0.267647
3.77000, 3.55000, 0.0703586, 0.249773
3.77000, 4.15372, 0.0703586, 0.29225
3.77000, 4.34000, 0.0703586, 0.305356
3.77100, 3.48993, 0.0703213, 0.245416
3.77200, 3.12000, 0.070284, 0.219286
3.77200, 3.83189, 0.070284, 0.269321
3.77400, 4.59000, 0.0702096, 0.322262
3.77600, 3.26000, 0.0701352, 0.228641
3.77600, 3.33907, 0.0701352, 0.234186
3.78000, 3.28000, 0.0699868, 0.229557
3.78000, 4.23000, 0.0699868, 0.296044
3.78200, 2.65517, 0.0699128, 0.18563
3.78600, 3.40000, 0.0697652, 0.237202
3.78800, 2.47413, 0.0696915, 0.172426
3.79000, 2.62000, 0.069618, 0.182399
3.79000, 3.27000, 0.069618, 0.227651
3.79400, 2.40373, 0.0694713, 0.16699
3.80000, 2.65517, 0.0692521, 0.183876
3.80000, 3.12000, 0.0692521, 0.216066
3.81000, 2.38000, 0.068889, 0.163956
3.81000, 2.85000, 0.068889, 0.196334
3.81200, 2.14224, 0.0688168, 0.147422
3.82100, 2.77000, 0.068493, 0.189725
3.82400, 2.50430, 0.0683855, 0.171258
3.83000, 2.68000, 0.0681714, 0.182699
3.83600, 2.21264, 0.0679583, 0.150367
3.84800, 2.32327, 0.0675352, 0.156902
3.85000, 2.47000, 0.067465, 0.166639
3.85000, 2.72000, 0.067465, 0.183505
3.86000, 2.33333, 0.0671159, 0.156604
3.86500, 3.21000, 0.0669424, 0.214885
3.87000, 2.93000, 0.0667695, 0.195635
3.87200, 2.43390, 0.0667005, 0.162342
3.87800, 2.49000, 0.0664943, 0.165571
3.88400, 2.65000, 0.066289, 0.175666
3.88600, 3.39000, 0.0662208, 0.224489
3.89000, 2.55000, 0.0660847, 0.168516
3.89000, 2.64000, 0.0660847, 0.174464
3.89600, 2.58000, 0.0658813, 0.169974
3.90200, 2.78000, 0.0656788, 0.182587
3.90800, 2.61000, 0.0654773, 0.170896
3.91400, 3.23000, 0.0652767, 0.210844
3.92000, 2.92000, 0.0650771, 0.190025
3.92600, 2.71000, 0.0648783, 0.17582
3.93000, 3.18000, 0.0647463, 0.205893
3.93200, 3.07000, 0.0646804, 0.198569
3.93800, 2.63000, 0.0644835, 0.169592
3.94000, 2.94000, 0.064418, 0.189389
3.94400, 3.35000, 0.0642874, 0.215363
3.95000, 2.97000, 0.0640923, 0.190354
3.95000, 3.11000, 0.0640923, 0.199327
3.95600, 2.80000, 0.063898, 0.178914
3.96000, 2.79000, 0.063769, 0.177916
3.96200, 2.97000, 0.0637046, 0.189203
3.96800, 3.15000, 0.0635121, 0.200063
3.97000, 3.29000, 0.0634482, 0.208744
3.97400, 3.40000, 0.0633205, 0.21529
3.98000, 3.13000, 0.0631297, 0.197596
3.98000, 3.45000, 0.0631297, 0.217798
3.98600, 3.75000, 0.0629398, 0.236024
3.99000, 3.06000, 0.0628137, 0.19221
3.99200, 3.43000, 0.0627508, 0.215235
3.99800, 3.42000, 0.0625625, 0.213964
4.00000, 3.16000, 0.0625, 0.1975
4.00400, 3.38000, 0.0623752, 0.210828
4.01000, 3.53000, 0.0621887, 0.219526
4.01000, 3.95000, 0.0621887, 0.245645
4.01600, 3.84000, 0.062003, 0.238091
4.02000, 4.43000, 0.0618797, 0.274127
4.02200, 4.72000, 0.0618181, 0.291782
4.02700, 4.58000, 0.0616647, 0.282424
4.02800, 4.68000, 0.0616341, 0.288448
4.03000, 4.58000, 0.0615729, 0.282004
4.03300, 4.32000, 0.0614814, 0.2656
4.03400, 4.82000, 0.0614509, 0.296193
4.04000, 4.40000, 0.0612685, 0.269581
4.04000, 4.54000, 0.0612685, 0.278159
4.04600, 4.61000, 0.0610869, 0.281611
4.05000, 4.23000, 0.0609663, 0.257888
4.05200, 4.43000, 0.0609061, 0.269814
4.05800, 4.29000, 0.0607262, 0.260515
4.06000, 4.65000, 0.0606664, 0.282099
4.06400, 4.01000, 0.060547, 0.242793
4.07000, 4.04000, 0.0603686, 0.243889
4.07000, 4.14000, 0.0603686, 0.249926
4.07600, 4.06000, 0.060191, 0.244376
4.08000, 4.24000, 0.060073, 0.25471
4.08200, 3.92000, 0.0600142, 0.235256
4.08800, 4.07000, 0.0598382, 0.243541
4.09000, 4.06000, 0.0597797, 0.242705
4.09400, 4.03000, 0.0596629, 0.240441
4.10000, 3.97000, 0.0594884, 0.236169
4.10000, 4.14000, 0.0594884, 0.246282
4.10500, 4.03000, 0.0593436, 0.239155
4.10900, 4.06000, 0.0592281, 0.240466
4.11000, 3.92000, 0.0591993, 0.232061
4.11300, 4.19000, 0.0591129, 0.247683
4.11800, 4.06000, 0.0589695, 0.239416
4.12000, 4.11000, 0.0589122, 0.242129
4.12100, 4.20000, 0.0588837, 0.247311
4.12500, 4.21000, 0.0587695, 0.24742
4.12900, 4.14000, 0.0586557, 0.242835
4.13000, 3.99000, 0.0586273, 0.233923
4.13300, 4.08000, 0.0585422, 0.238852
4.13600, 4.02000, 0.0584573, 0.234998
4.14000, 3.83000, 0.0583444, 0.223459
4.14100, 4.09000, 0.0583162, 0.238513
4.14700, 4.24000, 0.0581476, 0.246546
4.15000, 4.21000, 0.0580636, 0.244448
4.15300, 4.28000, 0.0579797, 0.248153
4.15900, 4.11000, 0.0578126, 0.23761
4.16000, 4.12000, 0.0577848, 0.238073
4.16500, 4.00000, 0.0576461, 0.230584
4.17000, 4.12000, 0.057508, 0.236933
4.17100, 4.14000, 0.0574804, 0.237969
4.17700, 4.06000, 0.0573154, 0.2327
4.18000, 4.18000, 0.0572331, 0.239234
4.18200, 4.38000, 0.0571784, 0.250441
4.18500, 4.14000, 0.0570964, 0.236379
4.19000, 3.87000, 0.0569603, 0.220436
4.19000, 4.01000, 0.0569603, 0.228411
4.19500, 3.91000, 0.0568246, 0.222184
4.20000, 3.87000, 0.0566893, 0.219388
4.20100, 3.73000, 0.0566624, 0.211351
4.20800, 3.71000, 0.056474, 0.209519
4.21000, 3.20000, 0.0564204, 0.180545
4.21200, 3.69000, 0.0563668, 0.207993
4.21400, 3.55000, 0.0563133, 0.199912
4.22000, 3.31000, 0.0561533, 0.185867
4.22000, 3.62000, 0.0561533, 0.203275
4.22600, 2.95000, 0.0559939, 0.165182
4.23000, 3.21000, 0.0558881, 0.179401
4.23200, 3.02000, 0.0558353, 0.168623
4.23800, 3.06000, 0.0556773, 0.170373
4.24000, 3.24000, 0.0556248, 0.180224
4.24400, 3.02000, 0.05552, 0.16767
4.24500, 2.97000, 0.0554938, 0.164817
4.25000, 2.71000, 0.0553633, 0.150035
4.25000, 3.11000, 0.0553633, 0.17218
4.25500, 2.88000, 0.0552333, 0.159072
4.25600, 3.02000, 0.0552073, 0.166726
4.26000, 2.97000, 0.0551037, 0.163658
4.26200, 3.09000, 0.055052, 0.170111
4.26500, 3.04000, 0.0549746, 0.167123
4.26800, 2.91000, 0.0548973, 0.159751
4.27000, 3.26000, 0.0548459, 0.178798
4.27400, 2.92000, 0.0547433, 0.15985
4.28000, 3.07000, 0.0545899, 0.167591
4.28000, 3.08000, 0.0545899, 0.168137
4.29200, 2.98000, 0.0542851, 0.16177
4.30000, 3.11000, 0.0540833, 0.168199
4.30400, 3.34000, 0.0539828, 0.180303
4.31600, 3.23000, 0.053683, 0.173396
4.32000, 2.96000, 0.0535837, 0.158608
4.32800, 3.32000, 0.0533858, 0.177241
4.34000, 3.27000, 0.053091, 0.173607
4.34000, 3.43000, 0.053091, 0.182102
4.35000, 3.49000, 0.0528471, 0.184437
4.35200, 3.44000, 0.0527986, 0.181627
4.36000, 3.47000, 0.052605, 0.182539
4.36400, 3.65000, 0.0525086, 0.191656
4.37600, 3.75000, 0.052221, 0.195829
4.38000, 3.50000, 0.0521257, 0.18244
4.38200, 3.86000, 0.0520781, 0.201022
4.38800, 3.82000, 0.0519358, 0.198395
4.39000, 3.48000, 0.0518885, 0.180572
4.39400, 3.99000, 0.0517941, 0.206658
4.40000, 3.91000, 0.0516529, 0.201963
4.40000, 4.00000, 0.0516529, 0.206612
4.40600, 3.79000, 0.0515123, 0.195232
4.41000, 3.79000, 0.0514189, 0.194878
4.41200, 3.94000, 0.0513723, 0.202407
4.41800, 4.03000, 0.0512329, 0.206468
4.42000, 3.68000, 0.0511865, 0.188366
4.42400, 4.02000, 0.051094, 0.205398
4.43000, 4.02000, 0.0509557, 0.204842
4.43000, 4.09000, 0.0509557, 0.208409
4.43600, 4.05000, 0.0508179, 0.205813
4.44000, 3.85000, 0.0507264, 0.195297
4.44200, 3.89000, 0.0506807, 0.197148
4.44800, 3.92000, 0.0505441, 0.198133
4.45000, 3.75000, 0.0504987, 0.18937
4.46000, 3.66000, 0.0502725, 0.183997
4.46000, 3.85000, 0.0502725, 0.193549
4.47200, 3.84000, 0.050003, 0.192012
4.48000, 3.54000, 0.0498246, 0.176379
4.48400, 3.61000, 0.0497358, 0.179546
4.49600, 3.72000, 0.0494706, 0.184031
4.50000, 3.49000, 0.0493827, 0.172346
4.52000, 3.25000, 0.0489467, 0.159077
4.54000, 3.23000, 0.0485164, 0.156708
4.56000, 3.62000, 0.0480917, 0.174092
4.60000, 3.31000, 0.047259, 0.156427
4.60000, 3.58000, 0.047259, 0.169187
4.80000, 3.66000, 0.0434028, 0.158854
5.00000, 3.47000, 0.04, 0.1388
5.20000, 3.44000, 0.0369822, 0.127219
6.00000, 3.44000, 0.0277778, 0.0955556
6.50000, 3.62000, 0.0236686, 0.0856805
7.00000, 3.71000, 0.0204082, 0.0757143
7.30000, 3.57000, 0.0187652, 0.0669919
7.40000, 3.86000, 0.0182615, 0.0704894
7.44000, 3.37000, 0.0180657, 0.0608813
7.50000, 3.89000, 0.0177778, 0.0691556
7.60000, 3.57000, 0.017313, 0.0618075
7.70000, 3.94000, 0.0168663, 0.066453
7.80000, 3.59000, 0.0164366, 0.0590072
7.90000, 3.66000, 0.0160231, 0.0586444
8.00000, 3.67000, 0.015625, 0.0573437
8.10000, 3.73000, 0.0152416, 0.0568511
8.20000, 3.64000, 0.0148721, 0.0541344
8.30000, 3.40000, 0.0145159, 0.049354
8.40000, 3.63000, 0.0141723, 0.0514456
8.50000, 3.54000, 0.0138408, 0.0489965
8.60000, 3.66000, 0.0135208, 0.0494862
8.70000, 3.44000, 0.0132118, 0.0454485
8.80000, 3.53000, 0.0129132, 0.0455837
8.90000, 3.71000, 0.0126247, 0.0468375
8.91000, 3.42000, 0.0125963, 0.0430795
9.00000, 3.67000, 0.0123457, 0.0453086
9.10000, 3.63000, 0.0120758, 0.0438353
9.20000, 3.57000, 0.0118147, 0.0421786
9.28000, 3.31000, 0.0116119, 0.0384355
9.30000, 3.60000, 0.011562, 0.0416233
9.36000, 3.46000, 0.0114143, 0.0394934
9.39000, 3.49000, 0.0113415, 0.0395817
9.40000, 3.41000, 0.0113173, 0.0385921
9.41500, 3.57000, 0.0112813, 0.0402743
9.45000, 3.80000, 0.0111979, 0.042552
9.46000, 3.47000, 0.0111742, 0.0387746
9.50000, 3.63000, 0.0110803, 0.0402216
9.51000, 3.73000, 0.011057, 0.0412428
9.60000, 3.55000, 0.0108507, 0.03852
9.70000, 3.52000, 0.0106281, 0.037411
9.80000, 3.58000, 0.0104123, 0.0372761
9.90000, 3.49000, 0.010203, 0.0356086
10.00000, 3.68000, 0.01, 0.0368
10.04000, 3.60000, 0.00992048, 0.0357137
10.10000, 3.56000, 0.00980296, 0.0348985
10.20000, 3.49000, 0.00961169, 0.0335448
10.29500, 3.48000, 0.00943512, 0.0328342
10.43000, 3.54000, 0.00919245, 0.0325413
10.49000, 3.77000, 0.0090876, 0.0342602
10.52000, 3.56000, 0.00903584, 0.0321676
11.09000, 3.85000, 0.00813087, 0.0313038
12.00000, 3.45000, 0.00694444, 0.0239583
12.00000, 3.47000, 0.00694444, 0.0240972
12.00000, 3.80000, 0.00694444, 0.0263889
12.00000, 4.00000, 0.00694444, 0.0277778
13.00000, 5.40000, 0.00591716, 0.0319527
14.00000, 4.10000, 0.00510204, 0.0209184
14.00000, 4.14000, 0.00510204, 0.0211224
14.03000, 3.71000, 0.00508025, 0.0188477
14.03000, 4.12000, 0.00508025, 0.0209306
14.04000, 3.94000, 0.00507301, 0.0199877
17.00000, 3.10000, 0.00346021, 0.0107266
21.99000, 3.55000, 0.002068, 0.00734138
21.99000, 3.86000, 0.002068, 0.00798246
22.00000, 3.20000, 0.00206612, 0.00661157
22.00000, 3.86000, 0.00206612, 0.00797521
22.00000, 3.89000, 0.00206612, 0.00803719
22.00000, 4.11000, 0.00206612, 0.00849174
25.00000, 3.71000, 0.0016, 0.005936
25.00000, 4.02000, 0.0016, 0.006432
25.01000, 4.23000, 0.00159872, 0.00676259
27.50000, 3.90000, 0.00132231, 0.00515702
27.55000, 3.90000, 0.00131752, 0.00513832
27.66000, 3.84000, 0.00130706, 0.00501911
29.00000, 3.96000, 0.00118906, 0.00470868
29.93000, 3.54000, 0.00111631, 0.00395175
30.10000, 3.93000, 0.00110374, 0.0043377
30.38000, 3.84000, 0.00108349, 0.0041606
30.40000, 4.00000, 0.00108206, 0.00432825
30.61000, 4.14000, 0.00106727, 0.00441849
31.10000, 3.65000, 0.0010339, 0.00377374
31.25000, 3.70000, 0.001024, 0.0037888
31.29000, 3.82000, 0.00102138, 0.00390169
31.57000, 4.00000, 0.00100335, 0.00401339
33.20000, 4.08000, 0.000907243, 0.00370155
33.79000, 3.85000, 0.000875838, 0.00337197
33.80000, 3.73000, 0.000875319, 0.00326494
33.89000, 4.15000, 0.000870677, 0.00361331
34.00000, 4.11000, 0.000865052, 0.00355536
34.50000, 3.92000, 0.00084016, 0.00329343
34.61000, 3.77000, 0.000834828, 0.0031473
34.70000, 4.07000, 0.000830503, 0.00338015
34.85000, 3.75000, 0.000823369, 0.00308763
35.00000, 4.15000, 0.000816327, 0.00338776
35.01000, 3.92000, 0.00081586, 0.00319817
35.10000, 3.93000, 0.000811682, 0.00318991
35.45000, 3.92000, 0.000795733, 0.00311927
36.10000, 3.92000, 0.000767336, 0.00300796
36.31000, 3.87000, 0.000758486, 0.00293534
36.38000, 3.70000, 0.00075557, 0.00279561
37.40000, 3.58000, 0.000714919, 0.00255941
38.30000, 3.88000, 0.000681714, 0.00264505
38.38000, 4.02000, 0.000678875, 0.00272908
40.32000, 4.04000, 0.000615119, 0.00248508
40.34000, 3.86000, 0.000614509, 0.002372
41.18000, 4.19000, 0.000589695, 0.00247082
41.40000, 4.04000, 0.000583444, 0.00235711
41.45000, 4.08000, 0.000582037, 0.00237471
41.50000, 4.01000, 0.000580636, 0.00232835
41.50000, 4.42000, 0.000580636, 0.00256641
42.50000, 3.87000, 0.000553633, 0.00214256
42.55000, 4.18000, 0.000552333, 0.00230875
43.46000, 3.73000, 0.000529445, 0.00197483
43.50000, 3.95000, 0.000528471, 0.00208746
43.53000, 3.98000, 0.000527743, 0.00210042
43.70000, 4.11000, 0.000523645, 0.00215218
44.20000, 3.99000, 0.000511865, 0.00204234
44.20000, 4.22000, 0.000511865, 0.00216007
44.23000, 4.13000, 0.000511171, 0.00211114
44.41000, 3.96000, 0.000507036, 0.00200786
45.48000, 4.15000, 0.000483458, 0.00200635
45.59000, 4.38000, 0.000481128, 0.00210734
46.00000, 4.07000, 0.00047259, 0.00192344
46.47000, 4.02000, 0.000463079, 0.00186158
46.47000, 4.40000, 0.000463079, 0.00203755
46.60000, 4.18000, 0.000460498, 0.00192488
50.00000, 4.37000, 0.0004, 0.001748
50.00000, 4.49000, 0.0004, 0.001796
50.00000, 4.57000, 0.0004, 0.001828
52.00000, 4.28000, 0.000369822, 0.00158284
52.00000, 4.56000, 0.000369822, 0.00168639
52.00000, 4.66000, 0.000369822, 0.00172337
54.00000, 4.72000, 0.000342936, 0.00161866
54.00000, 5.00000, 0.000342936, 0.00171468
55.00000, 4.63000, 0.000330579, 0.00153058
55.00000, 4.65000, 0.000330579, 0.00153719
56.00000, 5.08000, 0.000318878, 0.0016199
56.00000, 5.20000, 0.000318878, 0.00165816
56.50000, 5.12000, 0.000313259, 0.00160388
56.50000, 5.32000, 0.000313259, 0.00166654
57.00000, 4.90000, 0.000307787, 0.00150816
57.00000, 5.16000, 0.000307787, 0.00158818
57.37000, 4.38000, 0.00030383, 0.00133077
57.77000, 4.89000, 0.000299637, 0.00146522
57.97000, 4.78000, 0.000297573, 0.0014224
58.22000, 4.67000, 0.000295023, 0.00137776
58.29000, 5.34000, 0.000294315, 0.00157164
58.47000, 4.24000, 0.000292505, 0.00124022
58.50000, 5.31000, 0.000292205, 0.00155161
58.72000, 4.75000, 0.00029002, 0.00137759
58.97000, 5.52000, 0.000287566, 0.00158737
59.00000, 5.42000, 0.000287274, 0.00155702
59.05000, 6.60000, 0.000286787, 0.0018928
59.06000, 5.74000, 0.00028669, 0.0016456
59.22000, 5.02000, 0.000285143, 0.00143142
59.47000, 5.38000, 0.000282751, 0.0015212
59.84000, 4.66000, 0.000279265, 0.00130138
60.00000, 5.31000, 0.000277778, 0.001475
60.00000, 5.83000, 0.000277778, 0.00161944
60.80000, 5.57000, 0.000270516, 0.00150677
60.80000, 5.66000, 0.000270516, 0.00153112
61.40000, 5.44000, 0.000265255, 0.00144299
61.40000, 5.86000, 0.000265255, 0.00155439
63.60000, 6.10000, 0.000247221, 0.00150805
64.00000, 5.80000, 0.000244141, 0.00141602
88.22300, 481.73600, 0.00012848, 0.0618936
88.22300, 495.71500, 0.00012848, 0.0636896
88.22400, 497.89600, 0.000128477, 0.0639683
88.23100, 479.78800, 0.000128457, 0.0616321
88.27800, 543.49400, 0.00012832, 0.0697413
88.46400, 560.75900, 0.000127781, 0.0716544
88.46400, 595.60300, 0.000127781, 0.0761068
88.48000, 568.84000, 0.000127735, 0.0726608
88.48100, 583.04100, 0.000127732, 0.074473
89.21700, 952.90400, 0.000125633, 0.119716
89.22200, 961.05400, 0.000125619, 0.120727
89.22600, 955.61300, 0.000125608, 0.120033
89.23600, 966.31100, 0.00012558, 0.121349
89.28300, 1100.60000, 0.000125448, 0.138068
89.45500, 1146.13000, 0.000124966, 0.143227
89.45500, 1148.42000, 0.000124966, 0.143513
89.47000, 1165.30000, 0.000124924, 0.145574
89.47200, 1163.15000, 0.000124918, 0.145299
90.20800, 2118.07000, 0.000122888, 0.260286
90.21200, 2162.19000, 0.000122877, 0.265684
90.21700, 2135.18000, 0.000122864, 0.262336
90.21700, 2205.20000, 0.000122864, 0.270939
90.22600, 2223.58000, 0.000122839, 0.273143
90.22700, 2173.78000, 0.000122836, 0.267019
90.22800, 2160.79000, 0.000122834, 0.265418
90.23800, 2217.19000, 0.000122806, 0.272285
90.24000, 2235.15000, 0.000122801, 0.274479
90.28400, 2324.57000, 0.000122681, 0.285181
91.03400, 3517.02000, 0.000120668, 0.424392
91.20700, 3540.10000, 0.000120211, 0.425558
91.20800, 3483.05000, 0.000120208, 0.418691
91.21500, 3522.12000, 0.00012019, 0.423323
91.21700, 3530.68000, 0.000120184, 0.424333
91.22200, 3504.57000, 0.000120171, 0.421149
91.22300, 3488.01000, 0.000120169, 0.41915
91.22300, 3521.54000, 0.000120169, 0.423179
91.23000, 3514.35000, 0.00012015, 0.42225
91.23800, 3533.22000, 0.000120129, 0.424443
91.23900, 3455.58000, 0.000120127, 0.415107
91.25400, 3506.32000, 0.000120087, 0.421064
91.25400, 3507.51000, 0.000120087, 0.421207
91.28000, 3494.95000, 0.000120019, 0.419459
91.28900, 3539.51000, 0.000119995, 0.424723
91.29400, 3490.49000, 0.000119982, 0.418795
91.52900, 3243.08000, 0.000119367, 0.387115
91.95200, 2609.17000, 0.000118271, 0.308589
91.95300, 2554.03000, 0.000118268, 0.302061
91.96700, 2532.80000, 0.000118232, 0.299459
91.96900, 2536.96000, 0.000118227, 0.299937
92.20700, 2140.88000, 0.000117618, 0.251805
92.20900, 2114.61000, 0.000117612, 0.248705
92.21500, 2077.76000, 0.000117597, 0.244339
92.22600, 2150.43000, 0.000117569, 0.252824
92.28200, 2052.25000, 0.000117426, 0.240988
92.56200, 1522.97000, 0.000116717, 0.177757
92.95200, 1237.94000, 0.00011574, 0.143279
92.95300, 1197.88000, 0.000115737, 0.138639
92.96600, 1222.09000, 0.000115705, 0.141402
92.96800, 1193.67000, 0.0001157, 0.138108
93.20800, 1019.13000, 0.000115105, 0.117307
93.20900, 1010.82000, 0.000115102, 0.116348
93.22000, 996.79000, 0.000115075, 0.114706
93.22800, 999.44100, 0.000115055, 0.114991
93.28600, 940.59200, 0.000114912, 0.108086
93.70100, 760.80100, 0.000113897, 0.0866528
93.70200, 750.98700, 0.000113894, 0.0855332
93.71600, 751.54900, 0.00011386, 0.0855716
93.71700, 740.27200, 0.000113858, 0.0842858
94.20200, 540.99700, 0.000112689, 0.0609642
94.20200, 552.75000, 0.000112689, 0.0622886
94.21900, 543.83300, 0.000112648, 0.0612616
94.22300, 555.94500, 0.000112638, 0.0626207
94.27700, 519.56700, 0.000112509, 0.0584561
95.03600, 399.90000, 0.000110719, 0.0442767
130.00000, 14.39440, 5.91716e-05, 0.00085174
130.12000, 13.65550, 5.90625e-05, 0.000806528
130.20000, 12.28570, 5.899e-05, 0.000724733
130.20000, 14.08740, 5.899e-05, 0.000831015
136.08000, 12.68450, 5.40022e-05, 0.000684991
136.10000, 12.66960, 5.39863e-05, 0.000683985
136.20000, 11.20450, 5.39071e-05, 0.000604002
136.20000, 12.40500, 5.39071e-05, 0.000668717
161.30000, 10.22310, 3.84354e-05, 0.000392929
161.30000, 11.20980, 3.84354e-05, 0.000430853
161.30000, 8.20598, 3.84354e-05, 0.0003154
172.10000, 8.26982, 3.37628e-05, 0.000279212
172.10000, 9.49158, 3.37628e-05, 0.000320462
172.30000, 8.85453, 3.36844e-05, 0.00029826
182.69000, 8.38606, 2.9962e-05, 0.000251263
182.70000, 7.68265, 2.99587e-05, 0.000230162
182.70000, 8.74079, 2.99587e-05, 0.000261863
188.63000, 8.34481, 2.81047e-05, 0.000234528
188.70000, 8.57479, 2.80838e-05, 0.000240813
